CPU cores: 8
n_jobs | Threads Time | Processes Time
--------------------------------------
     1 |     2.63307 |       2.69846
     2 |     2.63583 |       1.35899
     3 |     1.95913 |       0.75772
     4 |     1.86182 |       0.57582
     5 |     1.97106 |       0.50928
     6 |     1.76045 |       0.46629
     7 |     1.88494 |       0.40791
     8 |     1.90020 |       0.47622
     9 |     1.82468 |       0.44514
    10 |     1.74465 |       0.42916
    11 |     1.79734 |       0.40556
    12 |     1.74730 |       0.37481
    13 |     1.84367 |       0.49898
    14 |     1.81928 |       0.44714
    15 |     1.83140 |       0.42441
    16 |     1.72868 |       0.48228
